//Real-Time Satellite Ephemeris Parameters//
#
t =239050.7223
t_oe =244800.0000
sqrt_a_s =5153.65531
e_s =0.005912038265
i_0 =0.9848407943
Ω_0 =1.038062244
ω =-1.717457876
M_0 =-1.064739758
Δn =4.249105564e-9
i_dot =7.422851197e-51
Ω_dot =-8.151768125e-9
C_uc =3.054738045e-7
C_us =2.237036824e-6
C_rc =350.53125
C_rs =2.53125
C_ic =-8.381903172e-8
C_is =8.940696716e-8
#